
0.00051308571611557085221
0.00065378040220000059081
0.00043204791190979308525
0.00075178317072852138964
0.00053264815565104222609
0.00048473833630663571738
0.00050220000867195178397
0.00047250851155815511281
0.00051955751248241232795
0.00049753676306037251248
0.000650647312937884339
0.00066443593890723863602
0.00048943658160822836947
0.00050139989397173022161
0.00062096059277009054474
0.00059740169934804725465
0.00060773978793100206369
0.00051752621622118627834
0.00049887981230216870386
0.00050002162578254591516
0.00059496311717663189801
0.00054513716728468079951
0.00061125208519502991292
0.00051225183633001232248
0.00064581697093631757704
0.00055061691457930950384
0.00052377430046938642204
0.00057914500423931461384
0.00059024482014678313763
0.00060785313970694956377
0.0006022386467324856562
0.00053871447970625099214
0.00053257663875547927353
0.00055002588410843760314
0.00056157068371445403605
0.00053898965530272844801
0.00059256993913703412836
0.0005903318911216314923
0.0005340069250438973401
0.00055747438949060954677
0.00056051306824009316035
0.00058116326554350438652
0.00057352041303558587426
0.00058087079763301230611
0.00056686168796033083953
0.00056845678460142382276
0.0005580046932088330745
0.00060053089363262964449
