
5.1212590223373681406
4.5482112314788855415
5.1544170909536581891
4.7735152017808230226
6.0995976166966363639
5.1518311600895050334
4.8009988038763844016
5.1654762760449239272
4.9993668689944942166
5.5264681602621906412
6.0834541271822438019
5.4525452696592524019
4.9622727597316245828
4.8998451697910890983
4.9202784647438388673
6.3355310369469956266
5.3209961238559356666
5.6380130355049028041
5.4011839740247570241
5.1756310062429420461
5.1109142087654460276
5.590161143248978811
5.1728043357253134654
5.1834247408727922365
5.8745931718527162725
5.2986088360990086721
5.3446072530094960731
5.4411024173266644674
5.297518958784976611
5.3668938785864187459
5.7629409558145059655
5.3786362396672138962
5.4642267997240660402
5.5695044116333964243
5.6219144956230715867
5.8494214885537982691
5.5859982841829668332
5.9137911186613671334
5.4825045949795656118
5.9060479680176754763
5.7214557098825771368
5.9132263414591487469
5.637196744028733311
5.789709964378525216
5.7433626076015275677
5.6735105902994725834
5.6607315102392675622
5.6430704519764315045
