
4.8730598800905354214
7.4025320883405672538
4.828987213691022124
5.1682425660896840554
4.7970152462394763057
5.5093359489794184003
4.7617881424026812609
4.8819269900469962635
4.9689744719436818867
6.1270517237077307365
5.5762713849555610749
5.489762431285428215
4.9618650144194941453
4.9894624419509852578
5.4069824409492759905
5.1693443465542040138
4.9694946502980710346
4.9498489825704268421
5.4968344651152540128
6.2021308948522290805
5.0291260148890558367
5.9594353887845655639
5.3260857971502716969
5.2028300701014968223
5.2035497939002292426
5.6635678648567507163
5.2282435909372181981
5.7159663785057673966
5.3614260910849198809
5.341787353287695344
5.2059661777719047496
5.2806588623152351722
5.7352999660576657116
5.4512209963160731564
5.7978091496490484838
6.3172125702502454625
5.4300575881721451724
5.5449489029576487932
5.4236059363573803751
5.4955281968941737476
5.5354294336366524057
5.4123862844929921669
5.7421686323235295512
5.5525476169190612896
5.7001560092457858101
5.618374551191634064
5.9667750292025838275
5.6399107217669929742
