
7.4487957625626164643E-06
5.2803014603695637335E-06
5.1371569126130139425E-06
4.6717247680940822237E-06
4.8936516581662776714E-06
6.4382535334313292354E-06
4.7772887686242979072E-06
4.7860284022931944288E-06
4.8021949990166582975E-06
4.7950514550038597476E-06
5.3143696048631983131E-06
5.0059799131102602826E-06
5.2033306709744329383E-06
4.8848108750312063567E-06
5.0013846797879025246E-06
5.0880509594942370752E-06
4.9628462400808740369E-06
5.0455515537779399817E-06
4.9976954597229682065E-06
6.2231179707513609365E-06
5.5232569335273225505E-06
5.1223915920253045429E-06
5.2922359702093557928E-06
5.6299174146747243635E-06
5.4741684353583465954E-06
5.5266547268985904108E-06
5.4115611839541829354E-06
5.545775551812204912E-06
5.4953879858134767569E-06
5.7422082974479107863E-06
5.5526774942179281277E-06
5.5156250924286098297E-06
5.3531722756491137048E-06
5.8247962462734771341E-06
5.3503691427957558258E-06
5.5070564194104998612E-06
5.7017773937467042567E-06
5.2867807455499520947E-06
5.3264855614166404558E-06
5.835639364801627473E-06
5.5246418007193990796E-06
5.5647939966517210122E-06
5.5347855820392535578E-06
5.5417320275322645462E-06
5.6143748857025861282E-06
5.8686755064272096524E-06
5.6017252284561371039E-06
5.8181030194412333109E-06
