
4.9437750637506652281E-07
3.8580638532781159817E-07
4.6884241392194382612E-07
4.4651467857342274499E-07
6.1216014884665411627E-07
5.1750719309713304171E-07
4.7995273359062603613E-07
5.1352812172079028975E-07
4.9624767873665508567E-07
5.5275314862028996375E-07
6.0812045299848447016E-07
5.4403249455696739062E-07
4.905730238349118915E-07
4.8568083678638592474E-07
4.8872708022442387263E-07
6.3714398230021557343E-07
5.2920163835942187431E-07
5.6509415023741259414E-07
5.3885986237219434843E-07
5.1367566932791492585E-07
5.056382317395195403E-07
5.5903100194687926062E-07
5.1465215829504318717E-07
5.1556750046793238079E-07
5.8654085838874587579E-07
5.2844916993688826726E-07
5.3196361573120287696E-07
5.4355811401219755815E-07
5.2673976532153922403E-07
5.3534389153790971004E-07
5.769402771303780928E-07
5.3514829126284175373E-07
5.4313129151125483783E-07
5.5550548432456164345E-07
5.597783726607826024E-07
5.8512019836472827567E-07
5.5616820994000418162E-07
5.926422805623697414E-07
5.3676143203540952748E-07
5.9958408800303431589E-07
5.6986473621549981595E-07
6.0339976625950867515E-07
5.5688385641504445603E-07
5.8077078356140423915E-07
5.743773315586882066E-07
5.6194768149238335383E-07
5.6110856600206544944E-07
5.6140045816091148908E-07
