
0.00050260787392397004991
0.0006756275719755051954
0.00041009354977565191588
0.00076492165087593605097
0.00053749420055245529949
0.00048442061714463162262
0.00050261985839107430583
0.00047172985256781283913
0.00052033769466108023387
0.00049560042156606277756
0.00065194318032890132258
0.00066439056028418303542
0.0004875964693224417207
0.00050012357735104966822
0.00062255827910468234353
0.000599907662186690031
0.00060923347448012059833
0.00051668900435058626956
0.00049905511237159064144
0.00049804842905707216467
0.00059584902742927160248
0.00054496627429794918147
0.00061181830927961220433
0.00051083175739754572466
0.00064787790473617415301
0.00055002951057392531712
0.00052255205712642795787
0.000579442608149105076
0.00059172468329556679022
0.00060923629254968844626
0.00060298732033500855153
0.00053692090853213003763
0.00052974052283783932757
0.00054777572251533740086
0.00055982504358770225541
0.00053629281129408872073
0.00059471002796387018204
0.00059098673815155045898
0.00053042491793750491322
0.00055661937144421116865
0.00055920187459347322004
0.00058445087469463326887
0.00057506443375058657712
0.00058274794569612643931
0.00056286418476851325741
0.00057031536285218379593
0.00054832070113204048247
0.00060341711126526932293
