
7.6598313192112175328E-06
5.1956994086924829392E-06
4.9043151722821265323E-06
4.2773096231124533377E-06
4.9070563730631260041E-06
6.4251390458855913465E-06
4.7417492101962078289E-06
4.7793297084303239798E-06
4.7638489436007600325E-06
4.765718324178653585E-06
5.3056700834576848088E-06
4.9955492586485939101E-06
5.1866237434321696268E-06
4.8778324310218175848E-06
4.9778981230549608841E-06
5.0388822246690637491E-06
4.932247407856455019E-06
5.0060255932684171129E-06
4.9378387005539525189E-06
6.2337442428136296762E-06
5.5240211479161734082E-06
5.1002314266956310637E-06
5.2571322751465438E-06
5.620870944430900373E-06
5.4576909518422956624E-06
5.5235403375528387428E-06
5.4033209755763296508E-06
5.5483775717715861937E-06
5.4842721409282374671E-06
5.7443950316846472898E-06
5.5277931753196475281E-06
5.5197415375139669626E-06
5.3370688815794715341E-06
5.8469138537510938043E-06
5.3391262523826142999E-06
5.4697792189890874891E-06
5.7580035335233543161E-06
5.2393752244593265799E-06
5.257946776636336407E-06
5.8075154297762504751E-06
5.4634367204179686971E-06
5.5095700924042499461E-06
5.4564033555353260569E-06
5.5091828973459102791E-06
5.5692468366882668266E-06
5.9805886872883648578E-06
5.5268402624176142496E-06
5.8453238081550694285E-06
