
4.1896974006573562896E-05
7.7092281099387934104E-05
4.5098027230036707785E-05
5.0099006968840620866E-05
4.6055037783117169098E-05
5.4504349120682977451E-05
4.7216261837855430527E-05
4.8488738769554402494E-05
4.9308241071968075212E-05
6.1246837799933123584E-05
5.5807138438057014222E-05
5.4956172556015415911E-05
4.9429149956079275832E-05
4.9783505993897790055E-05
5.3990207007241768512E-05
5.1476089627125714687E-05
4.9388942883640890244E-05
4.9168249616151202188E-05
5.4986761327207994145E-05
6.2122054234144043899E-05
5.0027246990192655721E-05
5.9563051136589719185E-05
5.3145962776508474262E-05
5.1866184619082480772E-05
5.1874562045256735626E-05
5.6567499012310337085E-05
5.1967790781866968935E-05
5.7134002124287622054E-05
5.3137619892872198137E-05
5.335310612156612004E-05
5.1780562114437945478E-05
5.2507412467159227153E-05
5.7293477476013840964E-05
5.442412528069612873E-05
5.8059762065706844861E-05
6.3594478373099231705E-05
5.3936307899890499856E-05
5.5227376441328018136E-05
5.4362784836666853245E-05
5.4960018340496285757E-05
5.4908339227956018175E-05
5.3677073701224459472E-05
5.749284390200094417E-05
5.5187896900907030791E-05
5.7344704070299652905E-05
5.5950627576689357953E-05
6.0171828170069967397E-05
5.6019531027847840584E-05
