
5.7306998445772964702E-07
5.7406307166211137727E-07
5.7419236916858242566E-07
5.7181259239993011535E-07
5.7532111594395941784E-07
5.7501513330398979855E-07
5.7452867161023016312E-07
5.757279411994956116E-07
5.7450717907646935172E-07
5.7496685680273296183E-07
5.7434831908246934599E-07
5.7480138280754122306E-07
5.7497107855837090738E-07
5.7515824832955200579E-07
5.751224122377118479E-07
5.7544435703378242577E-07
5.7577031540861542161E-07
5.7527243255271120283E-07
5.7533618822272509464E-07
5.753250495273503689E-07
5.7541772396459365486E-07
5.7514114443995544532E-07
5.7416985304005720229E-07
5.74378954019166188E-07
5.7471257678042171026E-07
5.7570269097396153979E-07
5.7533227295606460357E-07
5.756038958562163594E-07
5.7553890927281453254E-07
5.7256777348192989658E-07
5.7571829946425711066E-07
5.7513180794807707514E-07
5.7562775476806600335E-07
5.7504765263533798333E-07
5.7568096359708805959E-07
5.7558692159607766091E-07
5.7537665222521275898E-07
5.7472367296413978499E-07
5.7347026906387786049E-07
5.7551727634137675027E-07
5.7531956431651593586E-07
5.7471980602107972345E-07
5.7548257396663763081E-07
5.7528485198579115317E-07
5.7525094974644732896E-07
5.7534579207457882463E-07
5.7493508816225149812E-07
5.7470269041541258677E-07
