
5.7630256515647009723
5.7627793912642044042
5.7630806566963556749
5.7615206585055854917
5.7611375740445804484
5.7591983637681104285
5.7580743341850015729
5.7465895491532563151
5.739972690186447631
5.7393106746807551015
5.7370492574357720872
5.7361172173268902845
5.7393059597831821224
5.7431417246982773006
5.7455348194389104476
5.7495633427409046561
5.7486746552200773902
5.749492636230987472
5.750272374246650337
5.7526032520561768877
5.7494734998494306799
5.7461048419969305184
5.7500113096546215461
5.7485843932029920538
5.7490335413439427545
5.7486037832655687214
5.7508198032686053363
5.7483804623845516368
5.7496523529856232685
5.7493409976823248847
5.7494469658209453988
5.7504462732539870509
5.7505609240589224173
5.7504563810385081273
5.7511316726651049163
5.7504058323648011804
5.7520754818026419933
5.7516034094337795666
5.7528898989996630326
5.7515256576892233753
5.7504131554110680567
5.7479101686751117833
5.7480155521888822746
5.7455973340362361099
5.7463951066143342577
5.7422326840274727391
5.7394326750510925392
5.7359017419802238262
