
5.7474537341236478752E-06
5.7394380124365530348E-06
5.7528941031015650806E-06
5.7436332512533153359E-06
5.738485384965803603E-06
5.7566974915200695302E-06
5.7526094203806079681E-06
5.7413378998625623769E-06
5.7565598221868184315E-06
5.7558118695429419569E-06
5.7552752417910585264E-06
5.757272550502720488E-06
5.7551540015500825479E-06
5.7588777509158128756E-06
5.7589143321390590276E-06
5.7389039442322303128E-06
5.7416303537591368674E-06
5.7422421933535395952E-06
5.7430581705095129781E-06
5.7405568499619518118E-06
5.7395980506065369847E-06
5.7361417194171843202E-06
5.7393641722012276086E-06
5.7400694579179642902E-06
5.7393632878528486445E-06
5.7377231847427805149E-06
5.7418666699401237053E-06
5.7403499738990583747E-06
5.7411527258314540127E-06
5.7430090942192359117E-06
5.7412194479960202263E-06
5.7399243121484086239E-06
5.7409640240123706084E-06
5.7428304129571117472E-06
5.7428914333659981183E-06
5.7426866371702025926E-06
5.7432046192911424259E-06
5.7423226965813883971E-06
5.7463921561400048844E-06
5.7429661083540159286E-06
5.7417221257295165672E-06
5.7404229067278079784E-06
5.7405771176496467827E-06
5.7369937555173615684E-06
5.7331811967673377225E-06
5.7575517380749029059E-06
5.7551199558475037212E-06
5.7544955902977524252E-06
