0.00057623273444521577995
0.00057621580651939720459
0.0005762679104552065508
0.00057626100886534747936
0.00057623052980938240485
0.00057627335436686536341
0.00057625734996239223133
0.00057629615336554152524
0.00057638153228260920712
0.0005763580552923040605
0.00057645047297036951933
0.00057637972272028738935
0.00057653032606279916786
0.0005764836355148603847
0.00057634304184550958199
0.00057628585097648009437
0.0005764436542012157114
0.00057634566241133663739
0.00057625816317738117779
0.00057643948064853517497
0.00057658545903821098975
0.00057644689518471703329
0.00057629410406019913275
0.00057654197032123825645
0.000576298080445502626
0.00057642615767459950537
0.0005764544918460077225
0.00057632986887090652869
0.0005764332815119101389
0.00057624313395414643226
0.00057640963404598103206
0.00057633258501613377281
0.0005764999149692879004
0.00057650493289345327783
0.00057630757352405861775
0.00057635117363924231928
0.00057653611064752293379
0.00057618374468954860167
0.00057639935911365733096
0.00057658576244108434433
0.00057663204308861437317
0.00057642207976403233866
0.00057635167153625749444
0.00057658606273202554597
0.00057623903166174926874
0.00057628490595706309899
0.0005764918548811495333
0.00057645275314476614615
