30.5516373081
11.9689324813
13.4906086477
14.2498900621
15.4182794187
15.4250908229
16.160751643
14.9841243203
13.9681542844
14.575464101
12.9052573437
13.9591031779
14.261368093
14.3227754904
13.2240690222
14.6604521987
15.1553820702
16.1299714387
16.184608114
17.2954364953
14.1003132949
15.8522770686
15.2493815232
14.6934642149
13.5171777647
15.5350496353
15.4365605985
15.8045270803
15.0483722401
14.9322464251
14.7015864629
14.7099838426
15.1156612611
13.4821620211
14.3403181199
13.7438908405
13.8936609755
13.9987381537
12.8379938889
12.219119109
13.6762759829
13.72718833
13.5137089144
14.2675008018
14.4622299341
15.4880133618
15.2419739576
13.8284929459
