18.1481385364
8.29462508295
9.18171373565
9.94906278834
10.8918354692
11.1291192626
11.492530315
10.6106638657
10.3358051411
10.2479123722
9.80036653371
10.5177974807
10.7771964438
10.8754982745
10.2418070153
11.2085005268
11.5590994213
12.2869036229
12.4099595386
12.8364711873
11.1800647818
12.1219805813
11.7266219531
11.4871836343
10.6505811649
11.9235770254
11.8952867424
12.0446200175
11.534781056
11.4851320945
11.2585074912
11.2635304568
11.4022836266
10.5121973552
10.9986329799
10.6096777024
10.6846191062
10.7451850289
10.0728478429
9.72666420063
10.5391013835
10.617433486
10.4943367836
10.9331545835
11.0733595676
11.4555725404
11.3669767047
10.7157097556
