46.3055788498
21.0599826213
23.1734834172
22.9623339651
24.1945278752
22.8578011618
24.7974974366
22.5579344151
21.4008710583
21.961972844
18.9806444878
20.3487118045
20.8031427724
20.8193063257
18.5856471225
20.7668016924
21.4583986026
22.910216009
22.6705345621
24.3628446155
19.1329044246
22.3626497235
21.5013350179
20.7047567936
18.4972808997
21.7078616758
21.528590183
22.4932205433
21.0414818085
20.910278803
20.7948974312
21.0617036307
22.1267085968
18.6698305806
20.6618528682
19.329524515
19.5839277055
19.7694838642
17.7438987604
16.7084628866
19.1852890273
19.180689189
18.9100797344
20.2314232037
20.3820534389
22.1315272237
21.6889676247
19.2900081037
