81.9434360849
50.7586901415
53.2812455876
48.5213836164
48.4793952874
42.7737584703
47.7518432211
41.372901825
38.4758485175
40.2355388444
33.031000585
35.5059671328
35.9465130265
36.4311200456
32.6026747886
35.348616897
36.3677095471
39.0532401106
37.9859687429
42.127772692
31.5196704808
37.6912453791
36.0772225734
34.0225392518
29.7191834357
35.8777730379
35.2727091874
37.794508987
34.5715837485
35.3333667823
34.9319473268
35.4339274186
37.694299981
30.2125117867
35.1332198999
32.0367628261
32.5790947117
33.1056875902
29.0718295135
26.7952624904
31.7685924893
32.0218465846
31.1736634915
33.6325396166
34.2821371896
38.1204193551
36.4878809152
30.9725824506
