89.8240974699
75.9338342941
74.1047589335
65.1584653878
61.854279976
49.0179018279
43.9652041788
39.0665897836
36.8901051147
36.115137949
33.403748435
33.713895789
34.5448440438
35.0098009938
32.9986609143
35.2298749339
35.6390999417
36.3579909592
35.9905388072
34.7070619847
30.8997322229
32.4046275104
31.1613265501
30.3722975489
28.7426609208
30.8906070931
30.1802970948
30.134369152
29.0335767508
28.7118046862
27.8858509423
27.3580071552
27.2884429351
25.3945100624
26.2679472466
25.4324728426
25.6355501504
25.6380476832
24.3865561793
23.7985481458
26.0019054196
26.1162475967
25.6203191677
26.1012509286
26.0586455029
26.5773667145
26.2880832176
24.0794834854
