377.897529306
254.593503283
231.875992719
211.808762105
181.387798043
139.877942507
127.457703161
101.130538288
88.7638305143
89.4772114964
77.2759904271
80.7591358772
83.8417637624
87.5496515962
78.4925659691
88.6107692212
89.8471789334
94.3895778804
90.009973105
93.7085047028
73.0490604795
82.6654652619
78.7296188699
73.928626347
65.273043669
75.3773768371
73.7709574069
75.8375499011
71.1782780978
71.4065884003
68.9084420421
68.9343779189
71.2587211767
60.1918675972
66.5420998557
62.7022932737
64.4238159386
64.5773733799
58.300471301
54.5783007592
65.355419108
66.1217791255
64.2543031107
67.3820847208
66.986863876
71.4185218223
68.4212614965
58.0564668808
