187.653876178
158.574604594
158.497444229
135.570242332
119.84918179
102.464265587
90.649503694
72.2664492892
65.8837481264
65.502126199
57.0993963452
59.0408692705
60.8879904528
62.1226051736
56.8002703693
62.6658294512
63.7388441088
66.3336716351
63.8488060273
65.4519226175
51.355951179
59.3334480447
56.9184358814
53.7156166338
47.8601259104
54.0918013598
52.4839058103
53.5005976017
50.2547917944
50.3289500173
49.1476084528
49.0125682929
49.6786042697
42.608546337
46.1115086948
43.9395304182
44.5623663686
44.8522410198
40.9187068052
38.7000498457
45.3613690787
45.8370136636
44.6691401459
46.7949878824
46.148663304
49.0265532715
47.6345628767
40.9898390288
