11.3083846244
2.9252992369
2.91166918686
2.90981135722
2.85530665023
2.83117243154
2.81604136562
2.73477944824
2.71151431811
2.6945862448
2.66925691358
2.66802629287
2.67001037406
2.68818981975
2.68990305347
2.72845385014
2.75808482231
2.76157957933
2.78308086105
2.79591722273
2.81370266445
2.81539877857
2.84900146914
2.85687137274
2.83403317893
2.81036181525
2.83455815063
2.835000531
2.83928279489
2.83554081604
2.82137030006
2.84259801406
2.8415772652
2.84171462013
2.84792055805
2.84675123909
2.86053430662
2.82677617371
2.84765722955
2.82545226167
2.80942959196
2.80702762946
2.80160802215
2.77338704386
2.77457183709
2.76148806651
2.75352829544
2.75515034029
