6.20302218685
2.20685754057
2.20799780967
2.19409523773
2.16954805429
2.15429699849
2.14981062856
2.1010922465
2.09041181614
2.0828469018
2.06389973938
2.06901364678
2.06867098129
2.07705810807
2.0800398935
2.0977669753
2.12176625583
2.11995277932
2.1302170133
2.14220124674
2.16048128437
2.15570056043
2.17155299025
2.16386330962
2.16423702204
2.15758998407
2.17157180582
2.16578030303
2.16618020397
2.16576238507
2.16590944307
2.16814088684
2.17082259436
2.17571458245
2.1716412235
2.17233923093
2.17630934932
2.16540999624
2.17291520303
2.15827838105
2.14972087917
2.14386578577
2.13328750463
2.12810126868
2.1247834766
2.12382011439
2.12040620622
2.11840646517
