17.0384165177
5.33412875861
5.18447045793
5.00022526015
4.76533625785
4.58469158642
4.43733406035
4.10993804803
4.01122903456
3.91345182144
3.81068399949
3.78100795169
3.77297240274
3.80503893696
3.7905788574
3.8928011324
3.95452079631
3.96113006446
4.0014707806
4.04104162697
4.10324149513
4.07322584742
4.14098428215
4.15352784664
4.09129428627
4.07360266772
4.12470382049
4.11726751942
4.09690356848
4.1045706693
4.13719535555
4.0999967897
4.11647567935
4.12594973174
4.09233636762
4.11612222924
4.1477596229
4.11147846258
4.13881879684
4.06299329817
4.04103983067
4.04535571925
3.99894539812
3.94496645556
3.9391429205
3.91335457293
3.91827082633
3.91518365383
