20.0133328824
12.6943214999
12.3843993721
11.6260806006
10.9117438516
10.3676191882
9.84725819344
8.76430487932
8.31827794345
8.04088694521
7.63583890151
7.67065990994
7.48834981257
7.64507757919
7.60789690569
8.00102797207
8.25979909525
8.23849656665
8.35192890304
8.45470341915
8.84084576835
8.65846444557
8.94553919953
8.88227968327
8.69175222248
8.48098372626
9.03783563358
8.70930533536
8.73025358506
8.86327520532
8.81558242349
8.57618443325
8.82607157997
8.85286990566
8.71703772045
8.87100809071
8.84096222911
8.6758252727
8.8177488587
8.48539298995
8.38408921208
8.41472121818
8.29087850812
8.12858114803
8.11037572532
8.05278244571
7.93887888899
7.95137005684
