
7.57581e-06
5.10191e-06
3.86754e-06
3.73072e-06
3.62644e-06
4.00538e-06
3.26454e-06
3.48059e-06
3.54326e-06
3.18378e-06
3.79717e-06
3.77316e-06
3.77032e-06
3.70222e-06
4.07974e-06
4.08643e-06
4.0576e-06
3.76311e-06
4.00321e-06
3.22184e-06
4.29654e-06
3.65229e-06
3.85128e-06
4.06008e-06
4.41681e-06
4.19452e-06
4.30706e-06
3.65907e-06
4.06317e-06
4.01824e-06
4.09343e-06
3.89153e-06
3.3389e-06
4.32371e-06
3.76714e-06
4.18682e-06
4.22318e-06
4.18346e-06
4.51238e-06
4.75466e-06
4.56754e-06
4.53871e-06
4.75859e-06
4.36546e-06
4.39609e-06
3.58622e-06
3.86434e-06
4.81921e-06
