
0.000505056
0.000363627
0.000304721
0.00030272
0.000296241
0.000321335
0.000271611
0.000291368
0.000294619
0.000270284
0.000321056
0.000321147
0.000320692
0.000315891
0.000346047
0.000346948
0.000345587
0.000322221
0.0003416
0.000279227
0.000365336
0.00031478
0.000332121
0.000349053
0.00038114
0.000361252
0.000372241
0.000319222
0.000355068
0.000352465
0.000359743
0.000341476
0.000296411
0.000381246
0.000334711
0.000372661
0.000376512
0.000373294
0.000401167
0.000423004
0.000406216
0.000404878
0.000426398
0.000392196
0.000394522
0.000323781
0.000350116
0.000434266
