
4.59629e-05
3.68888e-05
3.18739e-05
3.15735e-05
3.10976e-05
3.36608e-05
2.84579e-05
3.02486e-05
3.06679e-05
2.89883e-05
3.3487e-05
3.34142e-05
3.34698e-05
3.33184e-05
3.62879e-05
3.64113e-05
3.63064e-05
3.40773e-05
3.60667e-05
2.98664e-05
3.85826e-05
3.35168e-05
3.52471e-05
3.69253e-05
4.0094e-05
3.82894e-05
3.93378e-05
3.40355e-05
3.76018e-05
3.72988e-05
3.80031e-05
3.63601e-05
3.15968e-05
4.04589e-05
3.5773e-05
3.98484e-05
4.01044e-05
3.98383e-05
4.27418e-05
4.4908e-05
4.325e-05
4.3023e-05
4.51836e-05
4.16517e-05
4.17831e-05
3.41385e-05
3.71634e-05
4.61081e-05
