
5.0944e-07
3.8275e-07
3.24067e-07
3.21186e-07
3.17026e-07
3.42671e-07
2.95306e-07
3.15793e-07
3.21006e-07
2.98955e-07
3.5065e-07
3.49293e-07
3.49612e-07
3.44214e-07
3.74379e-07
3.77885e-07
3.76302e-07
3.51313e-07
3.73633e-07
3.0221e-07
3.97417e-07
3.40569e-07
3.58258e-07
3.76866e-07
4.10195e-07
3.89286e-07
3.99338e-07
3.41896e-07
3.78207e-07
3.74139e-07
3.83042e-07
3.64724e-07
3.1693e-07
4.05074e-07
3.56739e-07
3.97432e-07
4.00342e-07
3.99743e-07
4.28326e-07
4.50737e-07
4.33479e-07
4.33447e-07
4.53727e-07
4.1813e-07
4.21925e-07
3.45278e-07
3.73835e-07
4.59655e-07
