
4.99616e-07
3.25502e-07
2.23432e-07
2.10689e-07
2.00063e-07
2.28241e-07
1.67215e-07
1.81049e-07
1.83544e-07
1.61668e-07
2.13498e-07
2.12873e-07
2.12525e-07
2.06577e-07
2.31615e-07
2.365e-07
2.35167e-07
2.16602e-07
2.32847e-07
1.77526e-07
2.50749e-07
2.10108e-07
2.23039e-07
2.36922e-07
2.64197e-07
2.48985e-07
2.56803e-07
2.12655e-07
2.40241e-07
2.37413e-07
2.45119e-07
2.31402e-07
1.95057e-07
2.62713e-07
2.27666e-07
2.60356e-07
2.62585e-07
2.6453e-07
2.86045e-07
3.05714e-07
2.92668e-07
2.94431e-07
3.09969e-07
2.83534e-07
2.86815e-07
2.27467e-07
2.49516e-07
3.16782e-07
