
0.000504135
0.00032583
0.000220259
0.000206378
0.000194286
0.000221651
0.000158493
0.000171054
0.000170982
0.000143113
0.000190801
0.000191527
0.000190286
0.000185186
0.000211842
0.000212003
0.000211206
0.000192239
0.000206186
0.00015634
0.00022428
0.000187789
0.000202362
0.000214746
0.00024131
0.00022678
0.000236553
0.000197466
0.000224946
0.000224906
0.000231262
0.000217338
0.000182926
0.000248121
0.000212245
0.000238322
0.000242846
0.000242895
0.000263539
0.000279735
0.000268007
0.000267441
0.000285281
0.000259038
0.000260863
0.000209269
0.00022872
0.000292381
