
3.56759e-05
2.33185e-05
1.60567e-05
1.5239e-05
1.45471e-05
1.67974e-05
1.30766e-05
1.42975e-05
1.46946e-05
1.39782e-05
1.76561e-05
1.78422e-05
1.79301e-05
1.81507e-05
2.03733e-05
2.04844e-05
2.04563e-05
1.90832e-05
2.03038e-05
1.68073e-05
2.22022e-05
1.9379e-05
2.05293e-05
2.15697e-05
2.39478e-05
2.30799e-05
2.39338e-05
2.05753e-05
2.316e-05
2.30531e-05
2.31643e-05
2.20694e-05
1.91691e-05
2.56328e-05
2.25014e-05
2.5583e-05
2.57512e-05
2.56402e-05
2.78143e-05
2.93214e-05
2.81425e-05
2.79916e-05
2.96437e-05
2.71419e-05
2.71364e-05
2.1918e-05
2.43059e-05
3.06953e-05
