
0.000560362
0.000559696
0.000564839
0.000559562
0.000558328
0.000558848
0.000557326
0.000562056
0.000567511
0.000565003
0.000560937
0.000561843
0.000560283
0.000562384
0.000562989
0.000566728
0.000566202
0.000565716
0.000565748
0.000565365
0.000562143
0.000563214
0.000560724
0.000560466
0.000562235
0.000562201
0.000559902
0.000560319
0.000559846
0.000559414
0.000559622
0.000560474
0.000560113
0.000559795
0.000560133
0.000561621
0.0005611
0.000561443
0.000561487
0.000566032
0.000567212
0.000564137
0.000560831
0.000556655
0.000558068
0.000558979
0.00056148
0.00056351
