
5.62548e-06
5.6151e-06
5.6031e-06
5.65369e-06
5.63625e-06
5.60901e-06
5.60227e-06
5.63421e-06
5.60777e-06
5.60938e-06
5.58586e-06
5.58163e-06
5.59489e-06
5.58634e-06
5.60019e-06
5.59553e-06
5.61878e-06
5.60897e-06
5.62479e-06
5.62956e-06
5.66585e-06
5.65555e-06
5.66033e-06
5.65222e-06
5.66714e-06
5.66096e-06
5.64201e-06
5.65493e-06
5.64743e-06
5.60001e-06
5.60574e-06
5.66054e-06
5.6146e-06
5.6398e-06
5.64985e-06
5.65895e-06
5.644e-06
5.66578e-06
5.66719e-06
5.63318e-06
5.60464e-06
5.58873e-06
5.5955e-06
5.61871e-06
5.63031e-06
5.66397e-06
5.65424e-06
5.63631e-06
