
5.55528e-07
5.60464e-07
5.65265e-07
5.57019e-07
5.57266e-07
5.56349e-07
5.58739e-07
5.61134e-07
5.64417e-07
5.65176e-07
5.62626e-07
5.64053e-07
5.62736e-07
5.64386e-07
5.62228e-07
5.66066e-07
5.65647e-07
5.65971e-07
5.64136e-07
5.63498e-07
5.60125e-07
5.61578e-07
5.58791e-07
5.58406e-07
5.59543e-07
5.60622e-07
5.58378e-07
5.59451e-07
5.58791e-07
5.57475e-07
5.58369e-07
5.59496e-07
5.59065e-07
5.57953e-07
5.59276e-07
5.59632e-07
5.58378e-07
5.59248e-07
5.60423e-07
5.62906e-07
5.65688e-07
5.64621e-07
5.63031e-07
5.57008e-07
5.56538e-07
5.59238e-07
5.59935e-07
5.62055e-07
