
5.65546e-05
5.65802e-05
5.61139e-05
5.58678e-05
5.6265e-05
5.65455e-05
5.66912e-05
5.59641e-05
5.61366e-05
5.61488e-05
5.64348e-05
5.64009e-05
5.65193e-05
5.64359e-05
5.65704e-05
5.6193e-05
5.6164e-05
5.61383e-05
5.61367e-05
5.6091e-05
5.57447e-05
5.59113e-05
5.60398e-05
5.6097e-05
5.59809e-05
5.58319e-05
5.61259e-05
5.60157e-05
5.60324e-05
5.6229e-05
5.6166e-05
5.59835e-05
5.60884e-05
5.62131e-05
5.60744e-05
5.6222e-05
5.63358e-05
5.59325e-05
5.60397e-05
5.60638e-05
5.61233e-05
5.62102e-05
5.65119e-05
5.65858e-05
5.64439e-05
5.6088e-05
5.58329e-05
5.60504e-05
